-9.42478 1
-9.32478 -0.515635
-9.22478 -1.91007
-9.12478 -3.18725
-9.02478 -4.35105
-8.92478 -5.40532
-8.82478 -6.35383
-8.72478 -7.20031
-8.62478 -7.94847
-8.52478 -8.60191
-8.42478 -9.16422
-8.32478 -9.63894
-8.22478 -10.0295
-8.12478 -10.3394
-8.02478 -10.572
-7.92478 -10.7306
-7.82478 -10.8185
-7.72478 -10.8388
-7.62478 -10.7949
-7.52478 -10.6897
-7.42478 -10.5264
-7.32478 -10.308
-7.22478 -10.0374
-7.12478 -9.71757
-7.02478 -9.35137
-6.92478 -8.94161
-6.82478 -8.49105
-6.72478 -8.0024
-6.62478 -7.47832
-6.52478 -6.92142
-6.42478 -6.33425
-6.32478 -5.71934
-6.22478 -5.07912
-6.12478 -4.416
-6.02478 -3.73235
-5.92478 -3.03045
-5.82478 -2.31256
-5.72478 -1.58088
-5.62478 -0.837562
-5.52478 -0.0846995
-5.42478 0.67566
-5.32478 1.44152
-5.22478 2.21094
-5.12478 2.98202
-5.02478 3.75293
-4.92478 4.52186
-4.82478 5.28709
-4.72478 6.04691
-4.62478 6.79971
-4.52478 7.54388
-4.42478 8.27789
-4.32478 9.00026
-4.22478 9.70956
-4.12478 10.4044
-4.02478 11.0834
-3.92478 11.7454
-3.82478 12.3891
-3.72478 13.0133
-3.62478 13.6169
-3.52478 14.1989
-3.42478 14.7581
-3.32478 15.2937
-3.22478 15.8046
-3.12478 16.2901
-3.02478 16.7494
-2.92478 17.1815
-2.82478 17.5859
-2.72478 17.9618
-2.62478 18.3087
-2.52478 18.626
-2.42478 18.9132
-2.32478 19.1697
-2.22478 19.3952
-2.12478 19.5894
-2.02478 19.7519
-1.92478 19.8825
-1.82478 19.9809
-1.72478 20.0471
-1.62478 20.0808
-1.52478 20.0821
-1.42478 20.0509
-1.32478 19.9874
-1.22478 19.8915
-1.12478 19.7635
-1.02478 19.6035
-0.924778 19.4119
-0.824778 19.1888
-0.724778 18.9347
-0.624778 18.65
-0.524778 18.3351
-0.424778 17.9905
-0.324778 17.6169
-0.224778 17.2147
-0.124778 16.7848
-0.024778 16.3277
0.075222 15.8443
0.175222 15.3353
0.275222 14.8016
0.375222 14.2443
0.475222 13.6641
0.575222 13.0622
0.675222 12.4396
0.775222 11.7974
0.875222 11.1368
0.975222 10.4591
1.07522 9.76544
1.17522 9.05724
1.27522 8.33586
1.37522 7.60272
1.47522 6.8593
1.57522 6.10714
1.67522 5.34781
1.77522 4.58296
1.87522 3.81425
1.97522 3.04344
2.07522 2.27231
2.17522 1.50269
2.27522 0.736472
2.37522 -0.0243981
2.47522 -0.777932
2.57522 -1.52209
2.67522 -2.25477
2.77522 -2.97384
2.87522 -3.67709
2.97522 -4.36228
3.07522 -5.02712
3.17522 -5.66925
3.27522 -6.28627
3.37522 -6.87574
3.47522 -7.43514
3.57522 -7.96193
3.67522 -8.45349
3.77522 -8.90719
3.87522 -9.3203
3.97522 -9.69007
4.07522 -10.0137
4.17522 -10.2883
4.27522 -10.511
4.37522 -10.6788
4.47522 -10.7887
4.57522 -10.8377
4.67522 -10.8225
4.77522 -10.7402
4.87522 -10.5873
4.97522 -10.3608
5.07522 -10.0571
5.17522 -9.67308
5.27522 -9.20519
5.37522 -8.64998
5.47522 -8.00392
5.57522 -7.26345
5.67522 -6.42492
5.77522 -5.48467
5.87522 -4.43897
5.97522 -3.28403
6.07522 -2.01602
6.17522 -0.631067
6.27522 0.874771
